2824964
2731775
2954826
2543133
2811964
1013212
2824512
1632853
1039598
2175824
1379017
1609854
2543111
3014684
2125341
2972010
2957367
1608440
2561752
1622793
2166896
1545197
1632608
2822820
2953042
2965854
2042619
2575622
643714
869472
2960804
1520741
1624324
2575543
750117
1440942
1626298
2464825
2261125
869461
643762
2066884
2637340
2952702
2986856
2164573
2966716
1610841
808933
2958294
1379041
1520377
2192019
2957350
2376827
2997146
671536
1567845
2541092
1622809
2564566
2039881
2177716
2471413
2581938
2544269
2539289
2110040
2207020
2960798
2952961
2543883
726536
1690488
2549720
2042648
778145
1133478
2541734
2540462
1256512
726484
2998660
1167028
1614753
1532837
2173807
2153728
1616893
1468515
2540435
2965856
1453550
808593
2981223
1574617
2211955
2673212
2540831
2366275
1256698
778687
2544369
1546603
2543112
2567869
1627091
2958355
1816567
1097356
1520317
1256514
2163637
2434182
2563331
2164849
2065293
2539263
2297850
1222653
1616955
940424
1209939
2567425
1776256
2563465
2405328
1520733
2970627
2854321
1616999
2207231
2544331
1686223
1618182
1627926
778162
2954257
2394742
3002480
656506
1013088
2178638
2564500
1018912
2830626
3006581
1626993
1208772
2163713
2188253
1616105
2963632
2366598
1605968
2204475
2189373
2194726
1209200
1256907
2967558
1531579
2827769
2986847
1039594
1637584
2564147
2541456
2957373
1608776
2575633
2361052
1926412
2164587
1574601
2843100
2164775
2563301
2954477
2939326
2369717
2110048
3002482
2751075
2886985
2479436
2173805
2970648
1491691
1208770
1379010
2694445
2649097
2967714
1145540
1573813
2770105
2191888
2167238
777713
2175825
2184465
2200242
1606015
2457174
777546
2716381
2383370
2967673
962358
2970863
779034
2167236
2895273
2969397
778838
2205731
2541210
1039737
2966941
1575264
1417254
2594441
2694540
1545204
2564241
1623038
2405357
2543941
2191995
1574906
2437745
777528
897496
1256357
1622820
750306
1520379
2667130
824396
2150143
2189345
2041111
2953088
1680577
2581889
2154715
2281504
656380
1374758
2189147
2690406
2036684
1379006
2429933
1417235
2156343
1624374
641335
1610899
807555
2548998
2830403
1443878
824405
2041108
1616968
1022507
2978462
2571276
726394
2544112
2164812
1208938
2563303
2471231
2967732
917795
1042901
2637128
2181411
2266900
1256652
2202280
2062843
2568785
1209548
2211209
1628213
2840711
1761222
750288
2154890
1256065
2388563
1887724
2867316
2399101
2279435
2549053
2560742
2803556
1257119
1714606
2404162
2757333
1415849
643852
2540075
2846731
2970626
2041138
2569587
2948441
983902
1606524
2706296
2546661
1255988
1013092
656451
1209304
2639881
1256918
1617269
779123
2540383
807534
1844080
2953560
1041117
2164382
2667131
2957300
1606826
2836473
808828
2977332
2541087
1532823
1551747
1415874
2959227
2972480
2967646
2902861
684288
2564527
2461117
2578301
750334
2679801
1417177
2428577
2961674
2198113
1714947
643811
2154761
1239769
2392113
2813350
1352046
1675109
2927589
1226028
2750498
2465402
2529831
1591933
2967726
1209032
2543874
2285002
2899904
2957368
2166673
778623
1256496
778574
1050237
807568
2163717
2204874
778812
1712455
2966711
1683682
2277244
1606523
1591562
2957303
2633881
2204873
1468503
2977338
1567844
1859405
2203205
2536210
1614494
2953092
1780901
1078759
1606332
2824519
2967530
2163692
2567283
2190814
2163424
2952970
1404050
673048
2250158
2153701
2296891
1256085
2985782
2192020
2654995
2551216
643645
1622797
2828931
2053042
3001040
1612915
2978365
2981170
2697597
2953569
1641814
2497395
2541784
2967286
3002814
2564486
1606549
1611407
808944
2542971
1256695
1581188
2957308
1751383
2208025
2042592
2167225
571627
2543262
2540602
3000944
2953072
1892713
2840529
2203211
1626349
2110054
2674172
2738606
1769579
1614552
1416075
1168758
2571315
2865347
2173803
2757410
1606013
1393314
2188134
1641809
1453551
2906390
1687702
1614400
2206370
1751404
1606003
1013095
2966715
2192010
1611363
2587301
2957334
2172353
2182834
886736
1606460
1212414
1608442
2297684
2567872
1113059
1882816
2122496
2190859
2963618
1567833
1704903
778570
778245
824361
2966932
2673682
2952554
777598
2552592
2970640
2120252
1618211
2578120
2972483
1013059
2957370
1050626
1417460
2110043
2986860
2706308
1039739
2546280
2190436
2963624
2498308
1491700
2204883
1520333
2975407
1647840
2165997
2163689
1626488
2483434
2536238
2546275
1169193
2994260
2963630
1616980
2970878
2541785
2333039
1680583
1373482
2797752
2252027
2953012
1612914
2574947
1511379
2203413
2123554
1124825
2969380
2563356
2963622
2371662
2543271
1606251
2808006
2953593
2542970
1050685
2544396
1013200
1256129
1407577
2985655
2919105
1063972
2188103
1209034
1545213
2268589
2961673
1532836
2204871
2273949
2188257
2765581
1415655
2952549
2966714
2551194
1110836
2948904
2179666
1520744
2164802
2540419
2369969
2189344
2443375
656511
983904
1511386
2202272
1374745
2406049
869454
2173815
1666778
779047
2154709
2540562
1404033
911804
1407483
2549034
2163647
614566
2337616
2548027
2559469
1520363
2546239
897582
2955049
2535048
1532718
2540412
1865088
1718343
1209028
777236
2953047
2571443
1256140
2576407
1256122
2540386
1608427
726516
807662
824401
1687711
1675022
2567234
2540579
2540823
2164811
1208926
2966718
2960805
960425
1209036
2973346
834820
1388265
1440998
643712
2203973
1404031
1614584
2564516
2574759
2247590
2543036
2256151
1612710
1209287
779139
1545401
2249363
2301041
2540808
2965878
1608465
2567262
1445026
1429581
1918088
2803096
656530
1042952
1820196
2425357
2546509
2683780
1624337
1859893
2546277
2181426
2200262
1606489
1256219
2166662
1729226
2547560
1606256
1506492
1215603
2062797
1416074
777214
2809591
2562654
2173822
2189288
2281601
1453565
2296910
1606347
2191011
2156420
2419490
2415431
2189372
2235933
2559240
1209199
2984797
643665
1014695
1712481
1683683
2189150
2957363
1219056
1897846
2543911
726483
2567260
2988043
1611395
1407491
2169669
1532846
2163597
2110050
1491664
2267681
2985871
1686376
2569599
2971756
1209164
1256656
1606248
2960801
3002506
2497493
2164772
1013203
2543110
2952994
2731807
2541790
1751398
2189289
777908
2970645
1050490
2528371
2966705
2954169
1606567
2648688
2644609
726477
2726251
2953043
2966709
2579680
1671500
2985817
1042940
2540062
2960732
2278774
2906096
808907
777821
2437235
2958309
1340188
2541740
2886642
808840
2543120
1209644
1368727
2954258
2164766
3004252
2981173
1686334
2576345
2692189
2959209
2706297
2954945
2576348
649934
777571
2985783
2540422
778647
726421
2549046
1407580
1039608
2985793
2322156
2093324
1013211
1607395
1515860
778004
2689441
750324
1546627
2973327
1626312
2543057
2953543
1208777
2966734
2297827
2953041
1674729
2651372
2180477
2549711
2303890
1013191
1703772
2855118
2639241
2166659
2543286
1412818
2647499
1686651
1217966
750276
1768387
2985822
1532843
2389952
2540834
2845671
2953013
2164361
2177722
1633993
1502866
2985819
2828843
2184729
2173816
2546682
1642840
2173806
2039872
1605790
2546244
1616958
2823281
1622798
1624379
1637585
777971
2559845
1042941
1051897
2039880
1309197
2586875
1606319
1627088
2200137
2977317
1622668
2569700
1606424
1686761
1039575
2540657
2639691
2140697
1591550
2153708
2840683
1237337
2548033
916636
2647573
1233576
2981204
2954918
2539261
1751129
2973330
2959224
1041094
1567167
807570
1379021
2543913
1614452
1545304
1631530
2960711
2868797
1686700
1416130
2267826
2530662
2885554
1013194
2250180
1050488
2546241
2669569
2548037
1215602
2446030
2540376
2883340
2284890
1567161
2489763
2182833
2163658
2164571
2955056
1256904
2158622
1687682
1606300
2578098
1574587
730954
2970635
2042581
2156341
779060
2786408
1574967
1764102
726372
2584384
1316535
1050574
1385069
2153689
2544332
1404843
2340366
2986865
2813059
2687509
1612815
2419680
2548961
2325706
2966687
2543265
2036681
2543107
2454092
2557505
2967629
2016684
2748112
2957324
2361872
2546238
2971772
2969441
2977312
2959213
1685431
2558435
2208029
2762235
2544379
2827349
1687177
2894620
2039904
1608403
2304857
1050627
2542929
2566765
2540569
2664701
2903989
659494
671495
778975
2153676
1256124
1545291
1532842
2603790
2173813
2540497
2841863
1703050
3013576
2633002
2967719
1545198
2543964
750151
2179046
1121884
778949
2546510
1608682
1256649
2945591
1520401
1626379
778731
1626373
2965852
2854808
777894
2971745
1675099
2206344
1520578
2954921
1667291
1680594
1471733
1285904
1639077
1638741
2297839
1443877
1520715
2967581
2848408
2480884
960419
1256896
1018923
724745
2010664
750270
2969451
2668701
1614524
2291006
2186542
1625796
2569721
2966701
2997178
1627900
2572613
1607295
1573806
1613120
2957323
2547998
1606263
2967888
1209133
1686508
2967554
750272
1256078
2032379
2502707